Numero de trade;Instrumento;Cuenta;Estrategia;Mercado pos.;Cant;Precio de entrada;Precio de salida;Tiempo de entrada;Tiempo de salida;Nombre de entrada;Nombre de salida;Ganancias;Con ganancia neto;Comision;MAE;MFE;ETD;Barras
1;MES JUN25;APEX-275553-02!Apex!Apex;ATM 75 - 225;Long;1;5223,75;5208,75;10/04/2025 11:40:13 a m;10/04/2025 11:46:02 a m;Entry;Stop1;-$ 75,00;-$ 75,00;$ 0,00;$ 75,00;$ 51,25;$ 126,25;0
2;MES JUN25;APEX-275553-02!Apex!Apex;ATM 75 - 150;Long;1;5190,5;5235,25;10/04/2025 12:21:10 p m;10/04/2025 12:27:13 p m;Entry;Target1;$ 223,75;$ 148,75;$ 0,00;$ 52,50;$ 223,75;$ 0,00;0
3;MES JUN25;APEX-275553-02!Apex!Apex;ATM 75 - 225;Long;1;5297,75;5299;10/04/2025 2:55:52 p m;10/04/2025 3:01:00 p m;Entry;Cerrar;$ 6,25;$ 155,00;$ 0,00;$ 45,00;$ 106,25;$ 100,00;0
4;MES JUN25;APEX-275553-02!Apex!Apex;ATM 75 - 225;Long;1;5327,75;5312,75;11/04/2025 9:10:02 a m;11/04/2025 9:11:14 a m;Entry;Stop1;-$ 75,00;$ 80,00;$ 0,00;$ 75,00;$ 13,75;$ 88,75;0
5;MES JUN25;APEX-275553-02!Apex!Apex;ATM 75 - 225;Long;1;5281;5325,75;11/04/2025 10:30:35 a m;11/04/2025 11:05:32 a m;Entry;Cerrar;$ 223,75;$ 303,75;$ 0,00;$ 8,75;$ 230,00;$ 6,25;0
6;MES JUN25;APEX-275553-02!Apex!Apex;ATM 75 - 225;Long;1;5326,75;5371,75;11/04/2025 11:10:32 a m;11/04/2025 11:39:08 a m;Entry;Target1;$ 225,00;$ 528,75;$ 0,00;$ 56,25;$ 225,00;$ 0,00;0
7;MES JUN25;APEX-275553-02!Apex!Apex;ATM 75 - 225;Short;1;5489,75;5461;14/04/2025 9:55:06 a m;14/04/2025 10:07:33 a m;Entry;Cerrar;$ 143,75;$ 672,50;$ 0,00;$ 3,75;$ 148,75;$ 5,00;0
8;MES JUN25;APEX-275553-02!Apex!Apex;ATM 75 - 225;Short;1;5476,25;5461;14/04/2025 10:00:45 a m;14/04/2025 10:07:33 a m;Entry;Cerrar;$ 76,25;$ 748,75;$ 0,00;$ 17,50;$ 81,25;$ 5,00;0
9;MES JUN25;APEX-275553-02!Apex!Apex;ATM 75 - 75;Short;1;5446,5;5423;14/04/2025 10:27:35 a m;14/04/2025 10:41:13 a m;Entry;Cerrar;$ 117,50;$ 866,25;$ 0,00;$ 28,75;$ 122,50;$ 5,00;0
10;MES JUN25;APEX-275553-02!Apex!Apex;ATM 75 - 75;Short;1;5447;5423;14/04/2025 10:32:53 a m;14/04/2025 10:41:13 a m;Entry;Cerrar;$ 120,00;$ 986,25;$ 0,00;$ 26,25;$ 125,00;$ 5,00;0
11;MES JUN25;APEX-275553-02!Apex!Apex;ATM 75 - 75;Long;1;5415,25;5400;14/04/2025 11:07:09 a m;14/04/2025 11:11:02 a m;Entry;Stop1;-$ 76,25;$ 910,00;$ 0,00;$ 76,25;$ 17,50;$ 93,75;0
12;MES JUN25;APEX-275553-02!Apex!Apex;ATM 75 - 150;Long;1;5410,5;5422,25;14/04/2025 11:28:17 a m;14/04/2025 11:55:00 a m;Entry;Cerrar;$ 58,75;$ 968,75;$ 0,00;$ 22,50;$ 112,50;$ 53,75;0
13;MES JUN25;APEX-275553-02!Apex!Apex;ATM 75 - 150;Long;1;5449,25;5466,5;15/04/2025 9:46:18 a m;15/04/2025 10:23:54 a m;Entry;Cerrar;$ 86,25;$ 1.055,00;$ 0,00;$ 36,25;$ 116,25;$ 30,00;0
14;MES JUN25;APEX-275553-02!Apex!Apex;ATM 75 - 150;Long;1;5462,5;5466,5;15/04/2025 10:00:31 a m;15/04/2025 10:23:54 a m;Entry;Cerrar;$ 20,00;$ 1.075,00;$ 0,00;$ 32,50;$ 50,00;$ 30,00;0
15;MES JUN25;APEX-275553-02!Apex!Apex;ATM 75 - 225;Short;1;5436,5;5443,75;15/04/2025 12:00:58 p m;15/04/2025 12:40:59 p m;Entry;Cerrar;-$ 36,25;$ 1.038,75;$ 0,00;$ 73,75;$ 55,00;$ 91,25;0
16;MES JUN25;APEX-275553-02!Apex!Apex;ATM 75 - 225;Short;1;5436,5;5443,75;15/04/2025 12:20:11 p m;15/04/2025 12:40:59 p m;Entry;Cerrar;-$ 36,25;$ 1.002,50;$ 0,00;$ 37,50;$ 55,00;$ 91,25;0
17;MES JUN25;APEX-275553-02!Apex!Apex;ATM 75 - 225;Short;1;5358,5;5366,25;16/04/2025 9:11:36 a m;16/04/2025 9:25:01 a m;Entry;Cerrar;-$ 38,75;$ 963,75;$ 0,00;$ 38,75;$ 47,50;$ 86,25;0
18;MES JUN25;APEX-275553-02!Apex!Apex;ATM 75 - 225;Long;1;5374;5397,5;16/04/2025 9:52:32 a m;16/04/2025 10:25:03 a m;Entry;Cerrar;$ 117,50;$ 1.081,25;$ 0,00;$ 47,50;$ 118,75;$ 1,25;0
19;MES JUN25;APEX-275553-02!Apex!Apex;ATM 75 - 225;Long;1;5373,25;5397,5;16/04/2025 9:58:44 a m;16/04/2025 10:25:03 a m;Entry;Cerrar;$ 121,25;$ 1.202,50;$ 0,00;$ 35,00;$ 122,50;$ 1,25;0
20;MES JUN25;APEX-275553-02!Apex!Apex;ATM 75 - 225;Long;1;5366;5351;16/04/2025 11:25:21 a m;16/04/2025 12:12:02 p m;Entry;Stop1;-$ 75,00;$ 1.127,50;$ 0,00;$ 75,00;$ 22,50;$ 97,50;0
21;MES JUN25;APEX-275553-02!Apex!Apex;ATM 75 - 225;Long;1;5304,75;5289,75;16/04/2025 1:09:48 p m;16/04/2025 1:38:25 p m;Entry;Stop1;-$ 75,00;$ 1.052,50;$ 0,00;$ 75,00;$ 61,25;$ 136,25;0
22;MES JUN25;APEX-275553-02!Apex!Apex;ATM 75 - 225;Short;1;5323;5306,75;17/04/2025 9:11:26 a m;17/04/2025 9:25:00 a m;Entry;Cerrar;$ 81,25;$ 1.133,75;$ 0,00;$ 48,75;$ 87,50;$ 6,25;0
23;MES JUN25;APEX-275553-02!Apex!Apex;ATM 75 - 225;Short;1;5311,5;5306,75;17/04/2025 9:23:55 a m;17/04/2025 9:25:00 a m;Entry;Cerrar;$ 23,75;$ 1.157,50;$ 0,00;$ 2,50;$ 30,00;$ 6,25;0
24;MES JUN25;APEX-275553-02!Apex!Apex;ATM 75 - 225;Long;1;5302,75;5327;17/04/2025 9:44:25 a m;17/04/2025 10:07:28 a m;Entry;Cerrar;$ 121,25;$ 1.278,75;$ 0,00;$ 32,50;$ 122,50;$ 1,25;0
25;MES JUN25;APEX-275553-02!Apex!Apex;ATM 75 - 225;Long;1;5305;5327;17/04/2025 9:54:30 a m;17/04/2025 10:07:28 a m;Entry;Cerrar;$ 110,00;$ 1.388,75;$ 0,00;$ 43,75;$ 111,25;$ 1,25;0
26;MES JUN25;APEX-275553-02!Apex!Apex;ATM 75 - 75;Short;1;5319,25;5334,5;17/04/2025 10:53:06 a m;17/04/2025 11:08:44 a m;Entry;Stop1;-$ 76,25;$ 1.312,50;$ 0,00;$ 76,25;$ 51,25;$ 127,50;0
27;MES JUN25;APEX-275553-02!Apex!Apex;ATM 75 - 375;Long;1;5201,75;5186,75;21/04/2025 9:45:46 a m;21/04/2025 10:01:51 a m;Entry;Stop1;-$ 75,00;$ 1.237,50;$ 0,00;$ 75,00;$ 16,25;$ 91,25;0
28;MES JUN25;APEX-275553-02!Apex!Apex;ATM 75 - 225;Long;1;5163,5;5159;21/04/2025 11:20:54 a m;21/04/2025 11:53:37 a m;Entry;Cerrar;-$ 22,50;$ 1.215,00;$ 0,00;$ 31,25;$ 65,00;$ 87,50;0
29;MES JUN25;APEX-275553-02!Apex!Apex;ATM 75 - 225;Long;1;5169,75;5159;21/04/2025 11:36:43 a m;21/04/2025 11:53:37 a m;Entry;Cerrar;-$ 53,75;$ 1.161,25;$ 0,00;$ 55,00;$ 33,75;$ 87,50;0
30;MES JUN25;APEX-275553-02!Apex!Apex;ATM 75 - 225;Long;1;5138,5;5183,5;21/04/2025 12:43:09 p m;21/04/2025 2:55:09 p m;Entry;Target1;$ 225,00;$ 1.386,25;$ 0,00;$ 57,50;$ 225,00;$ 0,00;0
31;MES JUN25;APEX-275553-02!Apex!Apex;ATM 75 - 75;Long;1;5182,5;5184;21/04/2025 3:07:31 p m;21/04/2025 3:50:28 p m;Entry;Cerrar;$ 7,50;$ 1.393,75;$ 0,00;$ 27,50;$ 13,75;$ 6,25;0
32;MES JUN25;APEX-275553-02!Apex!Apex;ATM 75 - 150;Short;1;5327,5;5302,25;22/04/2025 11:16:03 a m;22/04/2025 12:12:27 p m;Entry;Cerrar;$ 126,25;$ 1.520,00;$ 0,00;$ 58,75;$ 131,25;$ 5,00;0
33;MES JUN25;APEX-275553-02!Apex!Apex;ATM 75 - 150;Short;1;5322,5;5302,25;22/04/2025 11:41:13 a m;22/04/2025 12:12:27 p m;Entry;Cerrar;$ 101,25;$ 1.621,25;$ 0,00;$ 51,25;$ 106,25;$ 5,00;0
34;MES JUN25;APEX-275553-02!Apex!Apex;ATM 75 - 150;Long;1;5306,5;5303;22/04/2025 2:43:59 p m;22/04/2025 2:52:49 p m;Entry;Cerrar;-$ 17,50;$ 1.603,75;$ 0,00;$ 18,75;$ 63,75;$ 81,25;0
35;MES JUN25;APEX-275553-02!Apex!Apex;ATM 75 - 150;Long;1;5314,5;5303;22/04/2025 2:46:02 p m;22/04/2025 2:52:49 p m;Entry;Cerrar;-$ 57,50;$ 1.546,25;$ 0,00;$ 58,75;$ 23,75;$ 81,25;0
36;MES JUN25;APEX-275553-02!Apex!Apex;ATM 75 - 225;Short;1;5490,25;5466,25;23/04/2025 9:48:12 a m;23/04/2025 10:00:43 a m;Entry;Cerrar;$ 120,00;$ 1.666,25;$ 0,00;$ 5,00;$ 172,50;$ 52,50;0
37;MES JUN25;APEX-275553-02!Apex!Apex;ATM 75 - 225;Short;1;5476,25;5466;23/04/2025 9:50:46 a m;23/04/2025 10:00:43 a m;Entry;Cerrar;$ 51,25;$ 1.717,50;$ 0,00;$ 28,75;$ 102,50;$ 51,25;0
38;MES JUN25;APEX-275553-02!Apex!Apex;ATM 75 - 225;Long;1;5436,5;5421,5;23/04/2025 10:30:40 a m;23/04/2025 10:32:22 a m;Entry;Stop1;-$ 75,00;$ 1.642,50;$ 0,00;$ 77,50;$ 0,00;$ 75,00;0
39;MES JUN25;APEX-275553-02!Apex!Apex;ATM 2C 75 - 225;Short;2;5410,5;5419;23/04/2025 10:49:35 a m;23/04/2025 10:55:42 a m;Entry;Cerrar;-$ 85,00;$ 1.557,50;$ 0,00;$ 87,50;$ 92,50;$ 177,50;0
40;MES JUN25;APEX-275553-02!Apex!Apex;ATM 75 - 225;Long;1;5422,75;5411;23/04/2025 10:57:53 a m;23/04/2025 11:03:10 a m;Entry;Cerrar;-$ 58,75;$ 1.498,75;$ 0,00;$ 62,50;$ 8,75;$ 67,50;0
41;MES JUN25;APEX-275553-02!Apex!Apex;ATM 75 - 225;Short;1;5478,75;5482,5;24/04/2025 10:19:04 a m;24/04/2025 11:15:53 a m;Entry;Cerrar;-$ 18,75;$ 1.480,00;$ 0,00;$ 30,00;$ 75,00;$ 93,75;0
42;MES JUN25;APEX-275553-02!Apex!Apex;ATM 75 - 225;Short;1;5470;5482,5;24/04/2025 11:02:24 a m;24/04/2025 11:15:53 a m;Entry;Cerrar;-$ 62,50;$ 1.417,50;$ 0,00;$ 62,50;$ 10,00;$ 72,50;0
43;MES JUN25;APEX-275553-02!Apex!Apex;ATM 75 - 225;Long;1;5485,5;5525,5;24/04/2025 11:25:40 a m;24/04/2025 3:01:47 p m;Entry;Target1;$ 200,00;$ 1.617,50;$ 0,00;$ 20,00;$ 272,50;$ 72,50;0
44;MES JUN25;APEX-275553-02!Apex!Apex;ATM 75 - 75;Long;1;5510,5;5540;24/04/2025 2:47:43 p m;24/04/2025 3:01:48 p m;Entry;Cerrar;$ 147,50;$ 1.765,00;$ 0,00;$ 17,50;$ 147,50;$ 0,00;0
